2.140000000000000000e+02
6.500000000000000000e+01
2.310000000000000000e+02
2.060000000000000000e+02
1.930000000000000000e+02
2.070000000000000000e+02
2.860000000000000000e+02
2.500000000000000000e+02
2.130000000000000000e+02
2.510000000000000000e+02
1.760000000000000000e+02
2.180000000000000000e+02
2.280000000000000000e+02
3.070000000000000000e+02
2.250000000000000000e+02
2.090000000000000000e+02
2.390000000000000000e+02
2.260000000000000000e+02
2.190000000000000000e+02
2.120000000000000000e+02
2.050000000000000000e+02
1.820000000000000000e+02
2.250000000000000000e+02
2.420000000000000000e+02
2.170000000000000000e+02
4.140000000000000000e+02
2.320000000000000000e+02
2.080000000000000000e+02
2.750000000000000000e+02
2.270000000000000000e+02
2.130000000000000000e+02
3.260000000000000000e+02
3.070000000000000000e+02
1.950000000000000000e+02
1.920000000000000000e+02
2.570000000000000000e+02
3.010000000000000000e+02
3.850000000000000000e+02
2.050000000000000000e+02
3.060000000000000000e+02
2.050000000000000000e+02
2.110000000000000000e+02
2.120000000000000000e+02
2.290000000000000000e+02
2.520000000000000000e+02
2.700000000000000000e+02
3.100000000000000000e+02
4.360000000000000000e+02
1.900000000000000000e+02
2.570000000000000000e+02
2.710000000000000000e+02
2.010000000000000000e+02
3.550000000000000000e+02
2.960000000000000000e+02
2.360000000000000000e+02
1.970000000000000000e+02
2.840000000000000000e+02
2.220000000000000000e+02
1.930000000000000000e+02
1.920000000000000000e+02
2.070000000000000000e+02
2.150000000000000000e+02
2.010000000000000000e+02
2.170000000000000000e+02
1.930000000000000000e+02
2.490000000000000000e+02
2.290000000000000000e+02
2.170000000000000000e+02
3.220000000000000000e+02
1.950000000000000000e+02
2.460000000000000000e+02
2.090000000000000000e+02
2.340000000000000000e+02
2.610000000000000000e+02
1.880000000000000000e+02
5.940000000000000000e+02
4.760000000000000000e+02
2.430000000000000000e+02
3.790000000000000000e+02
5.990000000000000000e+02
4.930000000000000000e+02
3.810000000000000000e+02
2.680000000000000000e+02
2.040000000000000000e+02
3.820000000000000000e+02
4.880000000000000000e+02
3.490000000000000000e+02
5.300000000000000000e+02
2.750000000000000000e+02
3.160000000000000000e+02
2.290000000000000000e+02
2.100000000000000000e+02
2.100000000000000000e+02
2.100000000000000000e+02
2.100000000000000000e+02
2.100000000000000000e+02
2.100000000000000000e+02
2.100000000000000000e+02
2.100000000000000000e+02
2.100000000000000000e+02
2.100000000000000000e+02
2.100000000000000000e+02
2.100000000000000000e+02
2.100000000000000000e+02
2.100000000000000000e+02
2.100000000000000000e+02
2.100000000000000000e+02
2.100000000000000000e+02
2.100000000000000000e+02
2.100000000000000000e+02
2.100000000000000000e+02
2.100000000000000000e+02
2.100000000000000000e+02
2.100000000000000000e+02
2.100000000000000000e+02
2.100000000000000000e+02
2.100000000000000000e+02
2.100000000000000000e+02
2.100000000000000000e+02
2.100000000000000000e+02
2.100000000000000000e+02
2.100000000000000000e+02
2.100000000000000000e+02
2.100000000000000000e+02
2.100000000000000000e+02
2.100000000000000000e+02
2.100000000000000000e+02
2.100000000000000000e+02
2.100000000000000000e+02
2.100000000000000000e+02
2.100000000000000000e+02
2.100000000000000000e+02
2.100000000000000000e+02
2.100000000000000000e+02
2.100000000000000000e+02
2.100000000000000000e+02
2.100000000000000000e+02
2.100000000000000000e+02
2.100000000000000000e+02
2.100000000000000000e+02
2.100000000000000000e+02
2.100000000000000000e+02
2.100000000000000000e+02
2.100000000000000000e+02
2.100000000000000000e+02
2.100000000000000000e+02
2.100000000000000000e+02
2.100000000000000000e+02
2.100000000000000000e+02
2.100000000000000000e+02
2.100000000000000000e+02
2.100000000000000000e+02
2.100000000000000000e+02
2.100000000000000000e+02
2.100000000000000000e+02
2.100000000000000000e+02
2.100000000000000000e+02
2.100000000000000000e+02
2.100000000000000000e+02
2.100000000000000000e+02
2.100000000000000000e+02
2.100000000000000000e+02
2.100000000000000000e+02
2.100000000000000000e+02
2.100000000000000000e+02
2.100000000000000000e+02
2.100000000000000000e+02
2.100000000000000000e+02
2.100000000000000000e+02
2.100000000000000000e+02
2.100000000000000000e+02
2.100000000000000000e+02
2.100000000000000000e+02
2.100000000000000000e+02
2.100000000000000000e+02
2.100000000000000000e+02
2.100000000000000000e+02
2.100000000000000000e+02
2.100000000000000000e+02
2.100000000000000000e+02
2.100000000000000000e+02
2.100000000000000000e+02
2.100000000000000000e+02
2.100000000000000000e+02
2.100000000000000000e+02
2.100000000000000000e+02
2.100000000000000000e+02
2.100000000000000000e+02
2.100000000000000000e+02
2.100000000000000000e+02
2.100000000000000000e+02
2.100000000000000000e+02
2.100000000000000000e+02
2.100000000000000000e+02
2.100000000000000000e+02
2.100000000000000000e+02
2.100000000000000000e+02
2.100000000000000000e+02
